311762310;908669486131302400;621537291;226162434;331039973;910565771503382528;879841018081947648;876160779812302849;1063642404;228985222;44781874;2677853484;60461787;33581281;33014441;64286438;70325777;321406899;4822320394;1924205366;334363428;4152101255;3713425877;171890240;338422888;351915885;3310180367;343359572;3101872283;3033907912;2985020614;2969126793;2962092315;2901783670;107112916;2857408881;2834033915;2821074179;269042885;200614270;2661347808;1398372170;2197444336;17106903;2560390613;109380405;2498823569;2354670329;124224709;1638556596;1920841796;1078037582;203961230;322617746;1262004877;613926611;1520401524;1154367721;622988159;138754129;327057394;256706517;944412020;94237487;212038547;344436670;867448909;838654608;224817257;120530980;334248122;149582132;171662056;192690206;66493731;273732423;399771543;193052230;158086509;262869042;335591498;343560217;58059280;290831899;291769378;241716191;212736916
908669486131302400;311762310
621537291;311762310;331039973;226162434
226162434;311762310;2677853484;331039973;621537291
331039973;311762310;226162434;621537291
910565771503382528;311762310;70325777
879841018081947648;321406899;311762310;203961230
876160779812302849;311762310
1063642404;311762310
228985222;311762310;33014441;399771543
44781874;311762310
2677853484;311762310;226162434;64286438;17106903
60461787;311762310
33581281;311762310;4152101255;331039973
33014441
64286438;621537291;311762310;17106903;2677853484
70325777;311762310;171890240;94237487;322617746
321406899;879841018081947648;1638556596;120530980;311762310;1920841796;273732423;203961230;344436670;613926611;262869042
4822320394;311762310;1638556596
1924205366;1638556596;343359572;311762310
334363428;311762310;1262004877;322617746;171662056;291769378;241716191;158086509;149582132;124224709
4152101255;17106903;613926611;226162434;311762310;621537291
3713425877;311762310
171890240;203961230;273732423;311762310;334363428;94237487;322617746;70325777
338422888;311762310
351915885;311762310;1920841796;273732423;1262004877
3310180367;311762310
343359572;1924205366;311762310
3101872283;311762310
3033907912;311762310;334363428
2985020614;311762310;2969126793
2969126793;2857408881;311762310;2354670329
2962092315;2498823569;1262004877;311762310
2901783670;311762310
107112916;311762310
2857408881;311762310
2834033915;311762310;120530980
2821074179;311762310
269042885;17106903;2821074179;311762310;1262004877;1920841796
200614270;311762310
2661347808;311762310;1638556596
1398372170;311762310
2197444336;1063642404;1398372170
17106903;64286438;311762310
2560390613;1262004877;311762310
109380405;311762310;1262004877
2498823569;334363428;17106903;1920841796;327057394;311762310;322617746;120530980;273732423;94237487;66493731;291769378;1262004877
2354670329;1262004877;120530980;311762310
124224709;311762310;212736916;291769378;1262004877;158086509;273732423;224817257
1638556596;4822320394;311762310;1063642404
1920841796;311762310;273732423;321406899;1262004877
1078037582;311762310;399771543;344436670
203961230;224817257;867448909;311762310;1154367721;1262004877;321406899;322617746;344436670;120530980;212736916
322617746;311762310;334363428;120530980;203961230;1262004877;70325777;171890240
1262004877;1920841796;311762310;322617746;120530980;334363428;344436670;124224709;1154367721
613926611;311762310;335591498;343560217;321406899;66493731
1520401524;311762310
1154367721;212038547;1262004877;273732423;311762310;120530980;203961230
622988159;311762310;327057394;138754129
138754129
327057394;311762310
256706517;327057394;311762310
944412020;311762310;58059280
94237487;273732423;311762310;70325777;171890240;343560217;291769378;262869042;149582132;171662056
212038547;311762310;171662056
344436670;203961230;224817257;262869042;311762310;273732423;120530980;212997807;66493731;290831899
867448909;311762310;838654608;344436670
838654608;311762310
224817257;311762310;291769378;158086509;273732423;171662056;241716191;149582132;212736916
120530980;224817257;1262004877;203961230;311762310;344436670;149582132
334248122;311762310
149582132;1262004877;311762310;343560217;291769378;290831899;334363428;262869042;273732423;212736916;224817257;171662056;120530980;94237487;124224709
171662056;224817257;311762310;334363428;343560217;58059280;290831899;335591498;212038547;273732423;262869042;94237487;124224709;158086509;212736916;149582132
192690206;311762310
66493731;343560217;290831899;311762310;212997807;120530980
273732423;124224709;1154367721;94237487;311762310;290831899;291769378;171662056;224817257;149582132;241716191;158086509;262869042
399771543;311762310
193052230;120530980;66493731;311762310
158086509;311762310;334363428;224817257;273732423;212736916;124224709
262869042;311762310;321406899;94237487;149582132;273732423
335591498;171662056;262869042;311762310;273732423;241716191;58059280;290831899
343560217;149582132;94237487;291769378;311762310;262869042;273732423;58059280;171662056;241716191;66493731;290831899
58059280;311762310;335591498;290831899;171662056
290831899;224817257;343560217;66493731;335591498;149582132;158086509;171662056;262869042;273732423;311762310;58059280
291769378;241716191;335591498;343560217;224817257;311762310;94237487;124224709;273732423
241716191;311762310;291769378;273732423;224817257
212736916;311762310;149582132;224817257;171662056;124224709;158086509
929259242577711104;311762310
793969429486927872;311762310
3868008503;311762310
713134504647467008;311762310
1033652378;311762310
518539241;311762310
702582213892771840;311762310
3296091034;311762310
212997807;311762310;66493731
